0 0.4588 0.872371 0.102949 0.811422 0.648561 0.598826 0.38737 0.0821342 0.819139 
0.4588 0 0.780036 0.401648 0.496796 0.324075 0.800594 0.600604 0.414031 0.503733 
0.872371 0.780036 0 0.820037 0.898077 0.838058 1.07514 0.753768 0.849708 0.894554 
0.102949 0.401648 0.820037 0 0.788228 0.618311 0.605906 0.348808 0.0917176 0.795094 
0.811422 0.496796 0.898077 0.788228 0 0.27229 1.13269 0.874157 0.772826 0.0154645 
0.648561 0.324075 0.838058 0.618311 0.27229 0 1.03419 0.719875 0.596488 0.28105 
0.598826 0.800594 1.07514 0.605906 1.13269 1.03419 0 0.868229 0.664776 1.13818 
0.38737 0.600604 0.753768 0.348808 0.874157 0.719875 0.868229 0 0.348846 0.876873 
0.0821342 0.414031 0.849708 0.0917176 0.772826 0.596488 0.664776 0.348846 0 0.780605 
0.819139 0.503733 0.894554 0.795094 0.0154645 0.28105 1.13818 0.876873 0.780605 0 
